2 3 4 5 6 7 8 9 10 11 12 13 14 15 16 17 18 19 0
3 4 5 6 7 8 9 10 11 12 13 14 15 16 17 18 19 0
4 5 6 7 8 9 10 11 12 13 14 15 16 17 18 19 0
5 6 7 8 9 10 11 12 13 14 15 16 17 18 19 0
6 7 8 9 10 11 12 13 14 15 16 17 18 19 0
7 8 9 10 11 12 13 14 15 16 17 18 19 0
8 9 10 11 12 13 14 15 16 17 18 19 0
9 10 11 12 13 14 15 16 17 18 19 0
10 11 12 13 14 15 16 17 18 19 0
11 12 13 14 15 16 17 18 19 0
12 13 14 15 16 17 18 19 0
13 14 15 16 17 18 19 0
14 15 16 17 18 19 0
15 16 17 18 19 0
16 17 18 19 0
17 18 19 0
18 19 0
20 17 18 19 11 12 13 0
21 2 3 4 5 6 7 8 9 10 11 12 13 14 15 16 17 18 19 20 0
22 20 17 18 19 11 12 13 14 8 28 29 0
24 20 17 18 19 11 12 13 14 0
25 21 11 12 13 14 17 18 19 8 0
26 21 11 12 13 14 17 18 19 3 7 8 9 0
27 21 11 12 13 14 17 18 19 4 16 7 8 9 0
28 21 11 12 13 14 17 18 19 3 4 16 7 10 0
29 21 11 12 13 14 17 18 19 4 16 3 6 7 8 27 0
